{
 "cells": [
  {
   "cell_type": "code",
   "execution_count": 40,
   "id": "7d65e1d2",
   "metadata": {},
   "outputs": [],
   "source": [
    "import pandas as pd#데이터분석할때 필요!\n",
    "import numpy as np#수치계산할때 씀"
   ]
  },
  {
   "cell_type": "code",
   "execution_count": 41,
   "id": "4df64da1",
   "metadata": {},
   "outputs": [],
   "source": [
    "#1.df로 읽어들이고\n",
    "# 2. df의 전체 데이터셋을 확인\n",
    "# 3. df의 컬럼리스트를 확인\n",
    "# 4.df의 값을 확인\n",
    "#5.df의 맨 마지막에 price항목을 추가(값은 임의대로 넣음. int)\n",
    "#6.df의 맨 마지막에 percent항목을 추가(값의 임의대로 넣음. float)\n",
    "#7.df의 맨 마지막에 sale항목을 추가(price * percent)\n",
    "#8.df의 Name 컬럼 추출\n",
    "#9.df의 인덱스 확인\n",
    "#10.df의 Name컬럼의 값이 Rosaline인 행 추출\n",
    "#11.df의 Name컬럼 중 3~5사이의 행 추출\n",
    "#12.df의 Name, Died컬럼 모든 행 추출\n",
    "#13.df의 Born컬럼부터 끝 컬럼까지 모든 행 추출\n",
    "#14.df의 Born,Age컬럼의 5~7행 추출\n",
    "#15.df.shape을 통해 몇행 몇열인지 확인해보세요\n",
    "#16.df의 숫자 데이터의 상세정보 확인\n",
    "#17.Nurse라는 스트링 추출(index와 컬럼명을 사용)\n",
    "#18.Alan Turing이라는 스트링 추출(index와 컬럼명을 사용)\n",
    "#19.Biologist를 Scientist로 변경\n",
    "#20. df의 변경된 내용은 수시로 프린트해볼 것."
   ]
  },
  {
   "cell_type": "code",
   "execution_count": 42,
   "id": "bc5ed1ce",
   "metadata": {},
   "outputs": [
    {
     "data": {
      "text/html": [
       "<div>\n",
       "<style scoped>\n",
       "    .dataframe tbody tr th:only-of-type {\n",
       "        vertical-align: middle;\n",
       "    }\n",
       "\n",
       "    .dataframe tbody tr th {\n",
       "        vertical-align: top;\n",
       "    }\n",
       "\n",
       "    .dataframe thead th {\n",
       "        text-align: right;\n",
       "    }\n",
       "</style>\n",
       "<table border=\"1\" class=\"dataframe\">\n",
       "  <thead>\n",
       "    <tr style=\"text-align: right;\">\n",
       "      <th></th>\n",
       "      <th>Name</th>\n",
       "      <th>Born</th>\n",
       "      <th>Died</th>\n",
       "      <th>Age</th>\n",
       "      <th>Occupation</th>\n",
       "    </tr>\n",
       "  </thead>\n",
       "  <tbody>\n",
       "    <tr>\n",
       "      <th>0</th>\n",
       "      <td>Rosaline Franklin</td>\n",
       "      <td>1920-07-25</td>\n",
       "      <td>1958-04-16</td>\n",
       "      <td>37</td>\n",
       "      <td>Chemist</td>\n",
       "    </tr>\n",
       "    <tr>\n",
       "      <th>1</th>\n",
       "      <td>William Gosset</td>\n",
       "      <td>1876-06-13</td>\n",
       "      <td>1937-10-16</td>\n",
       "      <td>61</td>\n",
       "      <td>Statistician</td>\n",
       "    </tr>\n",
       "    <tr>\n",
       "      <th>2</th>\n",
       "      <td>Florence Nightingale</td>\n",
       "      <td>1820-05-12</td>\n",
       "      <td>1910-08-13</td>\n",
       "      <td>90</td>\n",
       "      <td>Nurse</td>\n",
       "    </tr>\n",
       "    <tr>\n",
       "      <th>3</th>\n",
       "      <td>Marie Curie</td>\n",
       "      <td>1867-11-07</td>\n",
       "      <td>1934-07-04</td>\n",
       "      <td>66</td>\n",
       "      <td>Chemist</td>\n",
       "    </tr>\n",
       "    <tr>\n",
       "      <th>4</th>\n",
       "      <td>Rachel Carson</td>\n",
       "      <td>1907-05-27</td>\n",
       "      <td>1964-04-14</td>\n",
       "      <td>56</td>\n",
       "      <td>Biologist</td>\n",
       "    </tr>\n",
       "    <tr>\n",
       "      <th>5</th>\n",
       "      <td>John Snow</td>\n",
       "      <td>1813-03-15</td>\n",
       "      <td>1858-06-16</td>\n",
       "      <td>45</td>\n",
       "      <td>Physician</td>\n",
       "    </tr>\n",
       "    <tr>\n",
       "      <th>6</th>\n",
       "      <td>Alan Turing</td>\n",
       "      <td>1912-06-23</td>\n",
       "      <td>1954-06-07</td>\n",
       "      <td>41</td>\n",
       "      <td>Computer Scientist</td>\n",
       "    </tr>\n",
       "    <tr>\n",
       "      <th>7</th>\n",
       "      <td>Johann Gauss</td>\n",
       "      <td>1777-04-30</td>\n",
       "      <td>1855-02-23</td>\n",
       "      <td>77</td>\n",
       "      <td>Mathematician</td>\n",
       "    </tr>\n",
       "  </tbody>\n",
       "</table>\n",
       "</div>"
      ],
      "text/plain": [
       "                   Name        Born        Died  Age          Occupation\n",
       "0     Rosaline Franklin  1920-07-25  1958-04-16   37             Chemist\n",
       "1        William Gosset  1876-06-13  1937-10-16   61        Statistician\n",
       "2  Florence Nightingale  1820-05-12  1910-08-13   90               Nurse\n",
       "3           Marie Curie  1867-11-07  1934-07-04   66             Chemist\n",
       "4         Rachel Carson  1907-05-27  1964-04-14   56           Biologist\n",
       "5             John Snow  1813-03-15  1858-06-16   45           Physician\n",
       "6           Alan Turing  1912-06-23  1954-06-07   41  Computer Scientist\n",
       "7          Johann Gauss  1777-04-30  1855-02-23   77       Mathematician"
      ]
     },
     "execution_count": 42,
     "metadata": {},
     "output_type": "execute_result"
    }
   ],
   "source": [
    "#1번\n",
    "df = pd.DataFrame({\"Name\" : ['Rosaline Franklin', 'William Gosset','Florence Nightingale','Marie Curie','Rachel Carson','John Snow','Alan Turing','Johann Gauss'],\n",
    "                   \"Born\" : ['1920-07-25','1876-06-13','1820-05-12','1867-11-07','1907-05-27','1813-03-15','1912-06-23','1777-04-30'],\n",
    "                   \"Died\" : ['1958-04-16','1937-10-16','1910-08-13','1934-07-04','1964-04-14','1858-06-16','1954-06-07','1855-02-23'],\n",
    "                   \"Age\" : [37,61,90,66,56,45,41,77],\n",
    "                   \"Occupation\" : ['Chemist','Statistician','Nurse','Chemist','Biologist','Physician','Computer Scientist','Mathematician']})\n",
    "#딕셔너리라서 꼭 중괄호 써줘야함. 그 안에 key:value들어감\n",
    "df"
   ]
  },
  {
   "cell_type": "code",
   "execution_count": 63,
   "id": "cf77a2bb",
   "metadata": {
    "scrolled": true
   },
   "outputs": [
    {
     "data": {
      "text/plain": [
       "<bound method DataFrame.info of                    Name        Born        Died  Age          Occupation  \\\n",
       "0     Rosaline Franklin  1920-07-25  1958-04-16   37             Chemist   \n",
       "1        William Gosset  1876-06-13  1937-10-16   61        Statistician   \n",
       "2  Florence Nightingale  1820-05-12  1910-08-13   90               Nurse   \n",
       "3           Marie Curie  1867-11-07  1934-07-04   66             Chemist   \n",
       "4         Rachel Carson  1907-05-27  1964-04-14   56          Scidentist   \n",
       "5             John Snow  1813-03-15  1858-06-16   45           Physician   \n",
       "6           Alan Turing  1912-06-23  1954-06-07   41  Computer Scientist   \n",
       "7          Johann Gauss  1777-04-30  1855-02-23   77       Mathematician   \n",
       "\n",
       "   price   percent  price*percent  \n",
       "0  10111  0.842583    8519.360083  \n",
       "1  10183  0.848583    8641.124083  \n",
       "2  10270  0.855833    8789.408333  \n",
       "3  10198  0.849833    8666.600333  \n",
       "4  10168  0.847333    8615.685333  \n",
       "5  10135  0.844583    8559.852083  \n",
       "6  10123  0.843583    8539.594083  \n",
       "7  10231  0.852583    8722.780083  >"
      ]
     },
     "execution_count": 63,
     "metadata": {},
     "output_type": "execute_result"
    }
   ],
   "source": [
    "df.info#항목별 객수와 datatype을 알고싶으면 info함수를 사용!\n",
    "#열의 이름,컬럼의 이름, 변수명(변수) : "
   ]
  },
  {
   "cell_type": "code",
   "execution_count": 64,
   "id": "ff07db77",
   "metadata": {
    "scrolled": true
   },
   "outputs": [
    {
     "data": {
      "text/html": [
       "<div>\n",
       "<style scoped>\n",
       "    .dataframe tbody tr th:only-of-type {\n",
       "        vertical-align: middle;\n",
       "    }\n",
       "\n",
       "    .dataframe tbody tr th {\n",
       "        vertical-align: top;\n",
       "    }\n",
       "\n",
       "    .dataframe thead th {\n",
       "        text-align: right;\n",
       "    }\n",
       "</style>\n",
       "<table border=\"1\" class=\"dataframe\">\n",
       "  <thead>\n",
       "    <tr style=\"text-align: right;\">\n",
       "      <th></th>\n",
       "      <th>Name</th>\n",
       "      <th>Born</th>\n",
       "      <th>Died</th>\n",
       "      <th>Age</th>\n",
       "      <th>Occupation</th>\n",
       "      <th>price</th>\n",
       "      <th>percent</th>\n",
       "      <th>price*percent</th>\n",
       "    </tr>\n",
       "  </thead>\n",
       "  <tbody>\n",
       "    <tr>\n",
       "      <th>0</th>\n",
       "      <td>Rosaline Franklin</td>\n",
       "      <td>1920-07-25</td>\n",
       "      <td>1958-04-16</td>\n",
       "      <td>37</td>\n",
       "      <td>Chemist</td>\n",
       "      <td>10111</td>\n",
       "      <td>0.842583</td>\n",
       "      <td>8519.360083</td>\n",
       "    </tr>\n",
       "    <tr>\n",
       "      <th>1</th>\n",
       "      <td>William Gosset</td>\n",
       "      <td>1876-06-13</td>\n",
       "      <td>1937-10-16</td>\n",
       "      <td>61</td>\n",
       "      <td>Statistician</td>\n",
       "      <td>10183</td>\n",
       "      <td>0.848583</td>\n",
       "      <td>8641.124083</td>\n",
       "    </tr>\n",
       "    <tr>\n",
       "      <th>2</th>\n",
       "      <td>Florence Nightingale</td>\n",
       "      <td>1820-05-12</td>\n",
       "      <td>1910-08-13</td>\n",
       "      <td>90</td>\n",
       "      <td>Nurse</td>\n",
       "      <td>10270</td>\n",
       "      <td>0.855833</td>\n",
       "      <td>8789.408333</td>\n",
       "    </tr>\n",
       "    <tr>\n",
       "      <th>3</th>\n",
       "      <td>Marie Curie</td>\n",
       "      <td>1867-11-07</td>\n",
       "      <td>1934-07-04</td>\n",
       "      <td>66</td>\n",
       "      <td>Chemist</td>\n",
       "      <td>10198</td>\n",
       "      <td>0.849833</td>\n",
       "      <td>8666.600333</td>\n",
       "    </tr>\n",
       "    <tr>\n",
       "      <th>4</th>\n",
       "      <td>Rachel Carson</td>\n",
       "      <td>1907-05-27</td>\n",
       "      <td>1964-04-14</td>\n",
       "      <td>56</td>\n",
       "      <td>Scidentist</td>\n",
       "      <td>10168</td>\n",
       "      <td>0.847333</td>\n",
       "      <td>8615.685333</td>\n",
       "    </tr>\n",
       "  </tbody>\n",
       "</table>\n",
       "</div>"
      ],
      "text/plain": [
       "                   Name        Born        Died  Age    Occupation  price  \\\n",
       "0     Rosaline Franklin  1920-07-25  1958-04-16   37       Chemist  10111   \n",
       "1        William Gosset  1876-06-13  1937-10-16   61  Statistician  10183   \n",
       "2  Florence Nightingale  1820-05-12  1910-08-13   90         Nurse  10270   \n",
       "3           Marie Curie  1867-11-07  1934-07-04   66       Chemist  10198   \n",
       "4         Rachel Carson  1907-05-27  1964-04-14   56    Scidentist  10168   \n",
       "\n",
       "    percent  price*percent  \n",
       "0  0.842583    8519.360083  \n",
       "1  0.848583    8641.124083  \n",
       "2  0.855833    8789.408333  \n",
       "3  0.849833    8666.600333  \n",
       "4  0.847333    8615.685333  "
      ]
     },
     "execution_count": 64,
     "metadata": {},
     "output_type": "execute_result"
    }
   ],
   "source": [
    "df.head()#입력값 안주면 5개 값만 가져옴"
   ]
  },
  {
   "cell_type": "code",
   "execution_count": 65,
   "id": "664b147c",
   "metadata": {},
   "outputs": [
    {
     "data": {
      "text/html": [
       "<div>\n",
       "<style scoped>\n",
       "    .dataframe tbody tr th:only-of-type {\n",
       "        vertical-align: middle;\n",
       "    }\n",
       "\n",
       "    .dataframe tbody tr th {\n",
       "        vertical-align: top;\n",
       "    }\n",
       "\n",
       "    .dataframe thead th {\n",
       "        text-align: right;\n",
       "    }\n",
       "</style>\n",
       "<table border=\"1\" class=\"dataframe\">\n",
       "  <thead>\n",
       "    <tr style=\"text-align: right;\">\n",
       "      <th></th>\n",
       "      <th>Name</th>\n",
       "      <th>Born</th>\n",
       "      <th>Died</th>\n",
       "      <th>Age</th>\n",
       "      <th>Occupation</th>\n",
       "      <th>price</th>\n",
       "      <th>percent</th>\n",
       "      <th>price*percent</th>\n",
       "    </tr>\n",
       "  </thead>\n",
       "  <tbody>\n",
       "    <tr>\n",
       "      <th>5</th>\n",
       "      <td>John Snow</td>\n",
       "      <td>1813-03-15</td>\n",
       "      <td>1858-06-16</td>\n",
       "      <td>45</td>\n",
       "      <td>Physician</td>\n",
       "      <td>10135</td>\n",
       "      <td>0.844583</td>\n",
       "      <td>8559.852083</td>\n",
       "    </tr>\n",
       "    <tr>\n",
       "      <th>6</th>\n",
       "      <td>Alan Turing</td>\n",
       "      <td>1912-06-23</td>\n",
       "      <td>1954-06-07</td>\n",
       "      <td>41</td>\n",
       "      <td>Computer Scientist</td>\n",
       "      <td>10123</td>\n",
       "      <td>0.843583</td>\n",
       "      <td>8539.594083</td>\n",
       "    </tr>\n",
       "    <tr>\n",
       "      <th>7</th>\n",
       "      <td>Johann Gauss</td>\n",
       "      <td>1777-04-30</td>\n",
       "      <td>1855-02-23</td>\n",
       "      <td>77</td>\n",
       "      <td>Mathematician</td>\n",
       "      <td>10231</td>\n",
       "      <td>0.852583</td>\n",
       "      <td>8722.780083</td>\n",
       "    </tr>\n",
       "  </tbody>\n",
       "</table>\n",
       "</div>"
      ],
      "text/plain": [
       "           Name        Born        Died  Age          Occupation  price  \\\n",
       "5     John Snow  1813-03-15  1858-06-16   45           Physician  10135   \n",
       "6   Alan Turing  1912-06-23  1954-06-07   41  Computer Scientist  10123   \n",
       "7  Johann Gauss  1777-04-30  1855-02-23   77       Mathematician  10231   \n",
       "\n",
       "    percent  price*percent  \n",
       "5  0.844583    8559.852083  \n",
       "6  0.843583    8539.594083  \n",
       "7  0.852583    8722.780083  "
      ]
     },
     "execution_count": 65,
     "metadata": {},
     "output_type": "execute_result"
    }
   ],
   "source": [
    "df.tail(3)#뒤에서 3개 값 가져옴"
   ]
  },
  {
   "cell_type": "code",
   "execution_count": 81,
   "id": "435fb378",
   "metadata": {},
   "outputs": [
    {
     "data": {
      "text/plain": [
       "DatetimeIndex(['1813-03-15', '1777-04-30'], dtype='datetime64[ns]', freq=None)"
      ]
     },
     "execution_count": 81,
     "metadata": {},
     "output_type": "execute_result"
    }
   ],
   "source": [
    "#pd.to_datetime(df[컬럼명]):pd.to_datatime(Series객체)#컬럼명의 데이터타입은 시리즈객체이다.\n",
    "pd.to_datetime(['1813-03-15','1777-04-30'])#이렇게 값이 들어가면 된다."
   ]
  },
  {
   "cell_type": "code",
   "execution_count": 67,
   "id": "9cd796a3",
   "metadata": {},
   "outputs": [
    {
     "data": {
      "text/plain": [
       "Name             8\n",
       "Born             8\n",
       "Died             8\n",
       "Age              8\n",
       "Occupation       8\n",
       "price            8\n",
       "percent          8\n",
       "price*percent    8\n",
       "dtype: int64"
      ]
     },
     "execution_count": 67,
     "metadata": {},
     "output_type": "execute_result"
    }
   ],
   "source": [
    "df.count()#항목별 값의 개수를 프린트(전체적인 빈도수)"
   ]
  },
  {
   "cell_type": "code",
   "execution_count": 68,
   "id": "fcaa43b4",
   "metadata": {},
   "outputs": [
    {
     "data": {
      "text/plain": [
       "Chemist               2\n",
       "Statistician          1\n",
       "Nurse                 1\n",
       "Scidentist            1\n",
       "Physician             1\n",
       "Computer Scientist    1\n",
       "Mathematician         1\n",
       "Name: Occupation, dtype: int64"
      ]
     },
     "execution_count": 68,
     "metadata": {},
     "output_type": "execute_result"
    }
   ],
   "source": [
    "df['Occupation'].value_counts()#컬럼값의 중복값 빈도수 채크할때 value_counts()"
   ]
  },
  {
   "cell_type": "code",
   "execution_count": 69,
   "id": "c87689e8",
   "metadata": {},
   "outputs": [
    {
     "data": {
      "text/plain": [
       "37    1\n",
       "61    1\n",
       "90    1\n",
       "66    1\n",
       "56    1\n",
       "45    1\n",
       "41    1\n",
       "77    1\n",
       "Name: Age, dtype: int64"
      ]
     },
     "execution_count": 69,
     "metadata": {},
     "output_type": "execute_result"
    }
   ],
   "source": [
    "df['Age'].value_counts()#컬럼값의 중복값 빈도수 채크할때 value_counts()"
   ]
  },
  {
   "cell_type": "code",
   "execution_count": 71,
   "id": "fd11d77f",
   "metadata": {},
   "outputs": [],
   "source": [
    "#df.T\n",
    "#행렬 전환"
   ]
  },
  {
   "cell_type": "code",
   "execution_count": null,
   "id": "ea1ee837",
   "metadata": {},
   "outputs": [],
   "source": [
    "#df[항목명].astype('int32'): 항목의 타입 변환"
   ]
  },
  {
   "cell_type": "code",
   "execution_count": 74,
   "id": "809df8b9",
   "metadata": {},
   "outputs": [
    {
     "data": {
      "text/html": [
       "<div>\n",
       "<style scoped>\n",
       "    .dataframe tbody tr th:only-of-type {\n",
       "        vertical-align: middle;\n",
       "    }\n",
       "\n",
       "    .dataframe tbody tr th {\n",
       "        vertical-align: top;\n",
       "    }\n",
       "\n",
       "    .dataframe thead th {\n",
       "        text-align: right;\n",
       "    }\n",
       "</style>\n",
       "<table border=\"1\" class=\"dataframe\">\n",
       "  <thead>\n",
       "    <tr style=\"text-align: right;\">\n",
       "      <th></th>\n",
       "      <th>Name</th>\n",
       "      <th>Born</th>\n",
       "      <th>Died</th>\n",
       "      <th>Age</th>\n",
       "      <th>Occupation</th>\n",
       "      <th>price</th>\n",
       "      <th>percent</th>\n",
       "      <th>price*percent</th>\n",
       "    </tr>\n",
       "  </thead>\n",
       "  <tbody>\n",
       "    <tr>\n",
       "      <th>7</th>\n",
       "      <td>Johann Gauss</td>\n",
       "      <td>1777-04-30</td>\n",
       "      <td>1855-02-23</td>\n",
       "      <td>77</td>\n",
       "      <td>Mathematician</td>\n",
       "      <td>10231</td>\n",
       "      <td>0.852583</td>\n",
       "      <td>8722.780083</td>\n",
       "    </tr>\n",
       "    <tr>\n",
       "      <th>6</th>\n",
       "      <td>Alan Turing</td>\n",
       "      <td>1912-06-23</td>\n",
       "      <td>1954-06-07</td>\n",
       "      <td>41</td>\n",
       "      <td>Computer Scientist</td>\n",
       "      <td>10123</td>\n",
       "      <td>0.843583</td>\n",
       "      <td>8539.594083</td>\n",
       "    </tr>\n",
       "    <tr>\n",
       "      <th>5</th>\n",
       "      <td>John Snow</td>\n",
       "      <td>1813-03-15</td>\n",
       "      <td>1858-06-16</td>\n",
       "      <td>45</td>\n",
       "      <td>Physician</td>\n",
       "      <td>10135</td>\n",
       "      <td>0.844583</td>\n",
       "      <td>8559.852083</td>\n",
       "    </tr>\n",
       "    <tr>\n",
       "      <th>4</th>\n",
       "      <td>Rachel Carson</td>\n",
       "      <td>1907-05-27</td>\n",
       "      <td>1964-04-14</td>\n",
       "      <td>56</td>\n",
       "      <td>Scidentist</td>\n",
       "      <td>10168</td>\n",
       "      <td>0.847333</td>\n",
       "      <td>8615.685333</td>\n",
       "    </tr>\n",
       "    <tr>\n",
       "      <th>3</th>\n",
       "      <td>Marie Curie</td>\n",
       "      <td>1867-11-07</td>\n",
       "      <td>1934-07-04</td>\n",
       "      <td>66</td>\n",
       "      <td>Chemist</td>\n",
       "      <td>10198</td>\n",
       "      <td>0.849833</td>\n",
       "      <td>8666.600333</td>\n",
       "    </tr>\n",
       "    <tr>\n",
       "      <th>2</th>\n",
       "      <td>Florence Nightingale</td>\n",
       "      <td>1820-05-12</td>\n",
       "      <td>1910-08-13</td>\n",
       "      <td>90</td>\n",
       "      <td>Nurse</td>\n",
       "      <td>10270</td>\n",
       "      <td>0.855833</td>\n",
       "      <td>8789.408333</td>\n",
       "    </tr>\n",
       "    <tr>\n",
       "      <th>1</th>\n",
       "      <td>William Gosset</td>\n",
       "      <td>1876-06-13</td>\n",
       "      <td>1937-10-16</td>\n",
       "      <td>61</td>\n",
       "      <td>Statistician</td>\n",
       "      <td>10183</td>\n",
       "      <td>0.848583</td>\n",
       "      <td>8641.124083</td>\n",
       "    </tr>\n",
       "    <tr>\n",
       "      <th>0</th>\n",
       "      <td>Rosaline Franklin</td>\n",
       "      <td>1920-07-25</td>\n",
       "      <td>1958-04-16</td>\n",
       "      <td>37</td>\n",
       "      <td>Chemist</td>\n",
       "      <td>10111</td>\n",
       "      <td>0.842583</td>\n",
       "      <td>8519.360083</td>\n",
       "    </tr>\n",
       "  </tbody>\n",
       "</table>\n",
       "</div>"
      ],
      "text/plain": [
       "                   Name        Born        Died  Age          Occupation  \\\n",
       "7          Johann Gauss  1777-04-30  1855-02-23   77       Mathematician   \n",
       "6           Alan Turing  1912-06-23  1954-06-07   41  Computer Scientist   \n",
       "5             John Snow  1813-03-15  1858-06-16   45           Physician   \n",
       "4         Rachel Carson  1907-05-27  1964-04-14   56          Scidentist   \n",
       "3           Marie Curie  1867-11-07  1934-07-04   66             Chemist   \n",
       "2  Florence Nightingale  1820-05-12  1910-08-13   90               Nurse   \n",
       "1        William Gosset  1876-06-13  1937-10-16   61        Statistician   \n",
       "0     Rosaline Franklin  1920-07-25  1958-04-16   37             Chemist   \n",
       "\n",
       "   price   percent  price*percent  \n",
       "7  10231  0.852583    8722.780083  \n",
       "6  10123  0.843583    8539.594083  \n",
       "5  10135  0.844583    8559.852083  \n",
       "4  10168  0.847333    8615.685333  \n",
       "3  10198  0.849833    8666.600333  \n",
       "2  10270  0.855833    8789.408333  \n",
       "1  10183  0.848583    8641.124083  \n",
       "0  10111  0.842583    8519.360083  "
      ]
     },
     "execution_count": 74,
     "metadata": {},
     "output_type": "execute_result"
    }
   ],
   "source": [
    "#df.sort_index() #오름차순 작은---->큰거\n",
    "#df.sort_index(ascending = True)가 디폴트 값\n",
    "#내림차순으로 하려면 False로 바꿔주면 된다.\n",
    "df.sort_index(ascending = False)"
   ]
  },
  {
   "cell_type": "code",
   "execution_count": 75,
   "id": "6f7da143",
   "metadata": {},
   "outputs": [
    {
     "data": {
      "text/html": [
       "<div>\n",
       "<style scoped>\n",
       "    .dataframe tbody tr th:only-of-type {\n",
       "        vertical-align: middle;\n",
       "    }\n",
       "\n",
       "    .dataframe tbody tr th {\n",
       "        vertical-align: top;\n",
       "    }\n",
       "\n",
       "    .dataframe thead th {\n",
       "        text-align: right;\n",
       "    }\n",
       "</style>\n",
       "<table border=\"1\" class=\"dataframe\">\n",
       "  <thead>\n",
       "    <tr style=\"text-align: right;\">\n",
       "      <th></th>\n",
       "      <th>Name</th>\n",
       "      <th>Born</th>\n",
       "      <th>Died</th>\n",
       "      <th>Age</th>\n",
       "      <th>Occupation</th>\n",
       "      <th>price</th>\n",
       "      <th>percent</th>\n",
       "      <th>price*percent</th>\n",
       "    </tr>\n",
       "  </thead>\n",
       "  <tbody>\n",
       "    <tr>\n",
       "      <th>0</th>\n",
       "      <td>Rosaline Franklin</td>\n",
       "      <td>1920-07-25</td>\n",
       "      <td>1958-04-16</td>\n",
       "      <td>37</td>\n",
       "      <td>Chemist</td>\n",
       "      <td>10111</td>\n",
       "      <td>0.842583</td>\n",
       "      <td>8519.360083</td>\n",
       "    </tr>\n",
       "    <tr>\n",
       "      <th>6</th>\n",
       "      <td>Alan Turing</td>\n",
       "      <td>1912-06-23</td>\n",
       "      <td>1954-06-07</td>\n",
       "      <td>41</td>\n",
       "      <td>Computer Scientist</td>\n",
       "      <td>10123</td>\n",
       "      <td>0.843583</td>\n",
       "      <td>8539.594083</td>\n",
       "    </tr>\n",
       "    <tr>\n",
       "      <th>5</th>\n",
       "      <td>John Snow</td>\n",
       "      <td>1813-03-15</td>\n",
       "      <td>1858-06-16</td>\n",
       "      <td>45</td>\n",
       "      <td>Physician</td>\n",
       "      <td>10135</td>\n",
       "      <td>0.844583</td>\n",
       "      <td>8559.852083</td>\n",
       "    </tr>\n",
       "    <tr>\n",
       "      <th>4</th>\n",
       "      <td>Rachel Carson</td>\n",
       "      <td>1907-05-27</td>\n",
       "      <td>1964-04-14</td>\n",
       "      <td>56</td>\n",
       "      <td>Scidentist</td>\n",
       "      <td>10168</td>\n",
       "      <td>0.847333</td>\n",
       "      <td>8615.685333</td>\n",
       "    </tr>\n",
       "    <tr>\n",
       "      <th>1</th>\n",
       "      <td>William Gosset</td>\n",
       "      <td>1876-06-13</td>\n",
       "      <td>1937-10-16</td>\n",
       "      <td>61</td>\n",
       "      <td>Statistician</td>\n",
       "      <td>10183</td>\n",
       "      <td>0.848583</td>\n",
       "      <td>8641.124083</td>\n",
       "    </tr>\n",
       "    <tr>\n",
       "      <th>3</th>\n",
       "      <td>Marie Curie</td>\n",
       "      <td>1867-11-07</td>\n",
       "      <td>1934-07-04</td>\n",
       "      <td>66</td>\n",
       "      <td>Chemist</td>\n",
       "      <td>10198</td>\n",
       "      <td>0.849833</td>\n",
       "      <td>8666.600333</td>\n",
       "    </tr>\n",
       "    <tr>\n",
       "      <th>7</th>\n",
       "      <td>Johann Gauss</td>\n",
       "      <td>1777-04-30</td>\n",
       "      <td>1855-02-23</td>\n",
       "      <td>77</td>\n",
       "      <td>Mathematician</td>\n",
       "      <td>10231</td>\n",
       "      <td>0.852583</td>\n",
       "      <td>8722.780083</td>\n",
       "    </tr>\n",
       "    <tr>\n",
       "      <th>2</th>\n",
       "      <td>Florence Nightingale</td>\n",
       "      <td>1820-05-12</td>\n",
       "      <td>1910-08-13</td>\n",
       "      <td>90</td>\n",
       "      <td>Nurse</td>\n",
       "      <td>10270</td>\n",
       "      <td>0.855833</td>\n",
       "      <td>8789.408333</td>\n",
       "    </tr>\n",
       "  </tbody>\n",
       "</table>\n",
       "</div>"
      ],
      "text/plain": [
       "                   Name        Born        Died  Age          Occupation  \\\n",
       "0     Rosaline Franklin  1920-07-25  1958-04-16   37             Chemist   \n",
       "6           Alan Turing  1912-06-23  1954-06-07   41  Computer Scientist   \n",
       "5             John Snow  1813-03-15  1858-06-16   45           Physician   \n",
       "4         Rachel Carson  1907-05-27  1964-04-14   56          Scidentist   \n",
       "1        William Gosset  1876-06-13  1937-10-16   61        Statistician   \n",
       "3           Marie Curie  1867-11-07  1934-07-04   66             Chemist   \n",
       "7          Johann Gauss  1777-04-30  1855-02-23   77       Mathematician   \n",
       "2  Florence Nightingale  1820-05-12  1910-08-13   90               Nurse   \n",
       "\n",
       "   price   percent  price*percent  \n",
       "0  10111  0.842583    8519.360083  \n",
       "6  10123  0.843583    8539.594083  \n",
       "5  10135  0.844583    8559.852083  \n",
       "4  10168  0.847333    8615.685333  \n",
       "1  10183  0.848583    8641.124083  \n",
       "3  10198  0.849833    8666.600333  \n",
       "7  10231  0.852583    8722.780083  \n",
       "2  10270  0.855833    8789.408333  "
      ]
     },
     "execution_count": 75,
     "metadata": {},
     "output_type": "execute_result"
    }
   ],
   "source": [
    "df.sort_values(by = \"Age\")#Age컬럼으로 오름차순 정렬"
   ]
  },
  {
   "cell_type": "code",
   "execution_count": 76,
   "id": "e3f47c17",
   "metadata": {},
   "outputs": [
    {
     "data": {
      "text/html": [
       "<div>\n",
       "<style scoped>\n",
       "    .dataframe tbody tr th:only-of-type {\n",
       "        vertical-align: middle;\n",
       "    }\n",
       "\n",
       "    .dataframe tbody tr th {\n",
       "        vertical-align: top;\n",
       "    }\n",
       "\n",
       "    .dataframe thead th {\n",
       "        text-align: right;\n",
       "    }\n",
       "</style>\n",
       "<table border=\"1\" class=\"dataframe\">\n",
       "  <thead>\n",
       "    <tr style=\"text-align: right;\">\n",
       "      <th></th>\n",
       "      <th>Name</th>\n",
       "      <th>Born</th>\n",
       "      <th>Died</th>\n",
       "      <th>Age</th>\n",
       "      <th>Occupation</th>\n",
       "      <th>price</th>\n",
       "      <th>percent</th>\n",
       "      <th>price*percent</th>\n",
       "    </tr>\n",
       "  </thead>\n",
       "  <tbody>\n",
       "    <tr>\n",
       "      <th>2</th>\n",
       "      <td>Florence Nightingale</td>\n",
       "      <td>1820-05-12</td>\n",
       "      <td>1910-08-13</td>\n",
       "      <td>90</td>\n",
       "      <td>Nurse</td>\n",
       "      <td>10270</td>\n",
       "      <td>0.855833</td>\n",
       "      <td>8789.408333</td>\n",
       "    </tr>\n",
       "    <tr>\n",
       "      <th>7</th>\n",
       "      <td>Johann Gauss</td>\n",
       "      <td>1777-04-30</td>\n",
       "      <td>1855-02-23</td>\n",
       "      <td>77</td>\n",
       "      <td>Mathematician</td>\n",
       "      <td>10231</td>\n",
       "      <td>0.852583</td>\n",
       "      <td>8722.780083</td>\n",
       "    </tr>\n",
       "    <tr>\n",
       "      <th>3</th>\n",
       "      <td>Marie Curie</td>\n",
       "      <td>1867-11-07</td>\n",
       "      <td>1934-07-04</td>\n",
       "      <td>66</td>\n",
       "      <td>Chemist</td>\n",
       "      <td>10198</td>\n",
       "      <td>0.849833</td>\n",
       "      <td>8666.600333</td>\n",
       "    </tr>\n",
       "    <tr>\n",
       "      <th>1</th>\n",
       "      <td>William Gosset</td>\n",
       "      <td>1876-06-13</td>\n",
       "      <td>1937-10-16</td>\n",
       "      <td>61</td>\n",
       "      <td>Statistician</td>\n",
       "      <td>10183</td>\n",
       "      <td>0.848583</td>\n",
       "      <td>8641.124083</td>\n",
       "    </tr>\n",
       "    <tr>\n",
       "      <th>4</th>\n",
       "      <td>Rachel Carson</td>\n",
       "      <td>1907-05-27</td>\n",
       "      <td>1964-04-14</td>\n",
       "      <td>56</td>\n",
       "      <td>Scidentist</td>\n",
       "      <td>10168</td>\n",
       "      <td>0.847333</td>\n",
       "      <td>8615.685333</td>\n",
       "    </tr>\n",
       "    <tr>\n",
       "      <th>5</th>\n",
       "      <td>John Snow</td>\n",
       "      <td>1813-03-15</td>\n",
       "      <td>1858-06-16</td>\n",
       "      <td>45</td>\n",
       "      <td>Physician</td>\n",
       "      <td>10135</td>\n",
       "      <td>0.844583</td>\n",
       "      <td>8559.852083</td>\n",
       "    </tr>\n",
       "    <tr>\n",
       "      <th>6</th>\n",
       "      <td>Alan Turing</td>\n",
       "      <td>1912-06-23</td>\n",
       "      <td>1954-06-07</td>\n",
       "      <td>41</td>\n",
       "      <td>Computer Scientist</td>\n",
       "      <td>10123</td>\n",
       "      <td>0.843583</td>\n",
       "      <td>8539.594083</td>\n",
       "    </tr>\n",
       "    <tr>\n",
       "      <th>0</th>\n",
       "      <td>Rosaline Franklin</td>\n",
       "      <td>1920-07-25</td>\n",
       "      <td>1958-04-16</td>\n",
       "      <td>37</td>\n",
       "      <td>Chemist</td>\n",
       "      <td>10111</td>\n",
       "      <td>0.842583</td>\n",
       "      <td>8519.360083</td>\n",
       "    </tr>\n",
       "  </tbody>\n",
       "</table>\n",
       "</div>"
      ],
      "text/plain": [
       "                   Name        Born        Died  Age          Occupation  \\\n",
       "2  Florence Nightingale  1820-05-12  1910-08-13   90               Nurse   \n",
       "7          Johann Gauss  1777-04-30  1855-02-23   77       Mathematician   \n",
       "3           Marie Curie  1867-11-07  1934-07-04   66             Chemist   \n",
       "1        William Gosset  1876-06-13  1937-10-16   61        Statistician   \n",
       "4         Rachel Carson  1907-05-27  1964-04-14   56          Scidentist   \n",
       "5             John Snow  1813-03-15  1858-06-16   45           Physician   \n",
       "6           Alan Turing  1912-06-23  1954-06-07   41  Computer Scientist   \n",
       "0     Rosaline Franklin  1920-07-25  1958-04-16   37             Chemist   \n",
       "\n",
       "   price   percent  price*percent  \n",
       "2  10270  0.855833    8789.408333  \n",
       "7  10231  0.852583    8722.780083  \n",
       "3  10198  0.849833    8666.600333  \n",
       "1  10183  0.848583    8641.124083  \n",
       "4  10168  0.847333    8615.685333  \n",
       "5  10135  0.844583    8559.852083  \n",
       "6  10123  0.843583    8539.594083  \n",
       "0  10111  0.842583    8519.360083  "
      ]
     },
     "execution_count": 76,
     "metadata": {},
     "output_type": "execute_result"
    }
   ],
   "source": [
    "df.sort_values(by = \"Age\",ascending = False)#Age컬럼으로 내림차순 정렬"
   ]
  },
  {
   "cell_type": "code",
   "execution_count": 79,
   "id": "49a2c645",
   "metadata": {
    "scrolled": true
   },
   "outputs": [
    {
     "data": {
      "text/html": [
       "<div>\n",
       "<style scoped>\n",
       "    .dataframe tbody tr th:only-of-type {\n",
       "        vertical-align: middle;\n",
       "    }\n",
       "\n",
       "    .dataframe tbody tr th {\n",
       "        vertical-align: top;\n",
       "    }\n",
       "\n",
       "    .dataframe thead th {\n",
       "        text-align: right;\n",
       "    }\n",
       "</style>\n",
       "<table border=\"1\" class=\"dataframe\">\n",
       "  <thead>\n",
       "    <tr style=\"text-align: right;\">\n",
       "      <th></th>\n",
       "      <th>Name</th>\n",
       "      <th>Born</th>\n",
       "      <th>Died</th>\n",
       "      <th>Age</th>\n",
       "      <th>Occupation</th>\n",
       "      <th>price</th>\n",
       "      <th>percent</th>\n",
       "      <th>price*percent</th>\n",
       "    </tr>\n",
       "  </thead>\n",
       "  <tbody>\n",
       "    <tr>\n",
       "      <th>2</th>\n",
       "      <td>Florence Nightingale</td>\n",
       "      <td>1820-05-12</td>\n",
       "      <td>1910-08-13</td>\n",
       "      <td>90</td>\n",
       "      <td>Nurse</td>\n",
       "      <td>10270</td>\n",
       "      <td>0.855833</td>\n",
       "      <td>8789.408333</td>\n",
       "    </tr>\n",
       "    <tr>\n",
       "      <th>7</th>\n",
       "      <td>Johann Gauss</td>\n",
       "      <td>1777-04-30</td>\n",
       "      <td>1855-02-23</td>\n",
       "      <td>77</td>\n",
       "      <td>Mathematician</td>\n",
       "      <td>10231</td>\n",
       "      <td>0.852583</td>\n",
       "      <td>8722.780083</td>\n",
       "    </tr>\n",
       "    <tr>\n",
       "      <th>3</th>\n",
       "      <td>Marie Curie</td>\n",
       "      <td>1867-11-07</td>\n",
       "      <td>1934-07-04</td>\n",
       "      <td>66</td>\n",
       "      <td>Chemist</td>\n",
       "      <td>10198</td>\n",
       "      <td>0.849833</td>\n",
       "      <td>8666.600333</td>\n",
       "    </tr>\n",
       "    <tr>\n",
       "      <th>1</th>\n",
       "      <td>William Gosset</td>\n",
       "      <td>1876-06-13</td>\n",
       "      <td>1937-10-16</td>\n",
       "      <td>61</td>\n",
       "      <td>Statistician</td>\n",
       "      <td>10183</td>\n",
       "      <td>0.848583</td>\n",
       "      <td>8641.124083</td>\n",
       "    </tr>\n",
       "    <tr>\n",
       "      <th>4</th>\n",
       "      <td>Rachel Carson</td>\n",
       "      <td>1907-05-27</td>\n",
       "      <td>1964-04-14</td>\n",
       "      <td>56</td>\n",
       "      <td>Scidentist</td>\n",
       "      <td>10168</td>\n",
       "      <td>0.847333</td>\n",
       "      <td>8615.685333</td>\n",
       "    </tr>\n",
       "    <tr>\n",
       "      <th>5</th>\n",
       "      <td>John Snow</td>\n",
       "      <td>1813-03-15</td>\n",
       "      <td>1858-06-16</td>\n",
       "      <td>45</td>\n",
       "      <td>Physician</td>\n",
       "      <td>10135</td>\n",
       "      <td>0.844583</td>\n",
       "      <td>8559.852083</td>\n",
       "    </tr>\n",
       "    <tr>\n",
       "      <th>6</th>\n",
       "      <td>Alan Turing</td>\n",
       "      <td>1912-06-23</td>\n",
       "      <td>1954-06-07</td>\n",
       "      <td>41</td>\n",
       "      <td>Computer Scientist</td>\n",
       "      <td>10123</td>\n",
       "      <td>0.843583</td>\n",
       "      <td>8539.594083</td>\n",
       "    </tr>\n",
       "    <tr>\n",
       "      <th>0</th>\n",
       "      <td>Rosaline Franklin</td>\n",
       "      <td>1920-07-25</td>\n",
       "      <td>1958-04-16</td>\n",
       "      <td>37</td>\n",
       "      <td>Chemist</td>\n",
       "      <td>10111</td>\n",
       "      <td>0.842583</td>\n",
       "      <td>8519.360083</td>\n",
       "    </tr>\n",
       "  </tbody>\n",
       "</table>\n",
       "</div>"
      ],
      "text/plain": [
       "                   Name        Born        Died  Age          Occupation  \\\n",
       "2  Florence Nightingale  1820-05-12  1910-08-13   90               Nurse   \n",
       "7          Johann Gauss  1777-04-30  1855-02-23   77       Mathematician   \n",
       "3           Marie Curie  1867-11-07  1934-07-04   66             Chemist   \n",
       "1        William Gosset  1876-06-13  1937-10-16   61        Statistician   \n",
       "4         Rachel Carson  1907-05-27  1964-04-14   56          Scidentist   \n",
       "5             John Snow  1813-03-15  1858-06-16   45           Physician   \n",
       "6           Alan Turing  1912-06-23  1954-06-07   41  Computer Scientist   \n",
       "0     Rosaline Franklin  1920-07-25  1958-04-16   37             Chemist   \n",
       "\n",
       "   price   percent  price*percent  \n",
       "2  10270  0.855833    8789.408333  \n",
       "7  10231  0.852583    8722.780083  \n",
       "3  10198  0.849833    8666.600333  \n",
       "1  10183  0.848583    8641.124083  \n",
       "4  10168  0.847333    8615.685333  \n",
       "5  10135  0.844583    8559.852083  \n",
       "6  10123  0.843583    8539.594083  \n",
       "0  10111  0.842583    8519.360083  "
      ]
     },
     "execution_count": 79,
     "metadata": {},
     "output_type": "execute_result"
    }
   ],
   "source": [
    "df.sort_values(by = [\"Age\",\"price\"],ascending = [False,True])#Age컬럼,Name컬럼으로 2차원 정렬"
   ]
  },
  {
   "cell_type": "code",
   "execution_count": 80,
   "id": "0eea2cf2",
   "metadata": {},
   "outputs": [
    {
     "name": "stderr",
     "output_type": "stream",
     "text": [
      "<>:4: SyntaxWarning: 'int' object is not callable; perhaps you missed a comma?\n",
      "<>:5: SyntaxWarning: 'int' object is not callable; perhaps you missed a comma?\n",
      "<>:4: SyntaxWarning: 'int' object is not callable; perhaps you missed a comma?\n",
      "<>:5: SyntaxWarning: 'int' object is not callable; perhaps you missed a comma?\n"
     ]
    },
    {
     "ename": "KeyError",
     "evalue": "'who'",
     "output_type": "error",
     "traceback": [
